1,2,3,4,5,6,7,8,9,10,11,12,1,2,13,14,3,4,5,6,15,16,7,8,9,10,11,12,13,14,15,16
0,1,2,3,0,4,5,1,2,6,7,3,4,5,6,7
5,6,7,8,9,10,5,6,11,12,7,8,13,14,9,10,11,12,13,14
2,3,2,4,5,3,4,6,7,5,6,8,9,7,8
4,5,6,7,8,9,10,11,12,13,14,15,16,17,18,19,4,5,20,21,6,7,8,9,22,23,10,11,12,13,14,15,16,17
1,3,5,7,9,11,13,15,17,19,21,23,1,3,25,27,5,7,9,11,29,31,13,15,17,19,21,23,25,27,29,31
6,7,8,9,10,6,11,12,7,8,13,14,9,10,11,12,13,14
0,2,4,6,8,10,12,0,2,14,16,4,6,18,20,8,10,12,14,16,18,20
3,4,5,6,7,8,9,10,3,4,11,12,5,6,13,14,7,8,9,10,11,12,13,14
9,8,7,6,9,10,11,8,7,12,13,6,10,11,12,13
2,4,6,8,10,12,2,4,14,16,6,8,18,20,10,12,14,16,18,20
1,2,3,1,4,5,2,3,6,7,4,5,8,9,6,7
7,8,9,10,11,12,13,14,15,16,17,18,7,8,19,20,9,10,11,12,21,22,13,14,15,16,17,18,19,20,21,22
5,1,5,2,5,3,5,4,5,6,7,8,5,1,2,3,9,10,5,4,6,7
4,6,8,10,12,14,4,6,16,18,8,10,20,22,12,14,16,18,20,22
0,1,0,2,3,1,2,4,5,3,4,6,7,5,6
